2.062992125984253189e-02
-1.299212598425196763e+00
-1.856692913385827315e-01
3.582677165354331450e+00
-3.919685039370078838e-01
-2.874015748031495843e+00
4.662362204724409542e-01
3.503937007874016629e+00
2.434330708661417431e-01
-4.370078740157480546e+00
4.332283464566929476e-01
-1.220472440944881942e+00
4.332283464566929476e-01
-2.165354330708661568e+00
-2.434330708661417431e-01
4.133858267716535195e+00
-5.074960629921260180e-01
-1.692913385826771311e+00
-5.074960629921260180e-01
3.425196850393700032e+00
